3,2
10,10
10,178
10,226
10,192
10,212
10,2
10,3
11,12
11,25
11,18
11,5
11,17
11,22
11,2
11,3
9,4
9,6
9,2
9,3
8,4
8,6
8,12
8,14
8,2
8,3
12,2
12,1
12,3
20,2
20,1
20,3
19,2
19,1
19,3
39,3
39,2
39,1
39,0
38,4
38,3
38,2
38,1
38,0
37,3
37,2
37,1
37,0
36,3
36,2
36,1
36,0
35,4
35,3
35,2
35,1
35,0
34,4
34,3
34,2
34,1
34,0
33,4
33,3
33,2
33,1
33,0
32,4
32,3
32,2
32,1
32,0
31,4
31,3
31,2
31,1
31,0
30,3
30,2
30,1
30,0
29,4
29,3
29,2
29,1
29,0
28,5
28,4
28,3
28,2
28,1
28,0
27,5
27,4
27,3
27,2
27,1
27,0
26,4
26,3
26,2
26,1
26,0
25,4
25,3
